swagger-ui: 1.05 MB (23.9%)
brace: 737.16 KB (16.4%)
lodash: 705.67 KB (15.7%)
yaml-js: 193.21 KB (4.30%)
core-js-pure: 155.13 KB (3.46%)
immutable: 139.01 KB (3.10%)
js-yaml: 104.53 KB (2.33%)
uri-js: 55.96 KB (1.25%)
react: 54.19 KB (1.21%)
inline-style-prefixer: 53.31 KB (1.19%)
lodash.isequal: 48.44 KB (1.08%)
buffer: 47.45 KB (1.06%)
@babel/runtime-corejs3: 46.11 KB (1.03%)
  regenerator-runtime: 24.01 KB (52.1%)
  <self>: 22.1 KB (47.9%)
json-refs: 43.47 KB (0.968%)
superagent: 41.5 KB (0.924%)
axios: 35.57 KB (0.792%)
react-style-proptype: 31.98 KB (0.712%)
create-react-class: 31.29 KB (0.697%)
prop-types: 30.77 KB (0.685%)
  react-is: 2.69 KB (8.73%)
  <self>: 28.08 KB (91.3%)
graphlib: 27.96 KB (0.623%)
util: 19.13 KB (0.426%)
bowser: 18.6 KB (0.414%)
react-ace: 15.16 KB (0.338%)
react-immutable-proptypes: 11.82 KB (0.263%)
path-loader: 11.42 KB (0.254%)
querystring-browser: 10.67 KB (0.238%)
traverse: 8.72 KB (0.194%)
path-browserify: 8.54 KB (0.190%)
native-promise-only: 7.92 KB (0.176%)
attr-accept: 6.79 KB (0.151%)
setimmediate: 6.32 KB (0.141%)
process: 5.29 KB (0.118%)
querystring-es3: 5.06 KB (0.113%)
fbjs: 4.58 KB (0.102%)
deepmerge: 3.94 KB (0.0878%)
base64-js: 3.85 KB (0.0857%)
component-emitter: 3.11 KB (0.0692%)
object-assign: 2.06 KB (0.0458%)
ieee754: 2.02 KB (0.0449%)
timers-browserify: 1.97 KB (0.0440%)
promise-worker: 1.61 KB (0.0359%)
webpack: 1.03 KB (0.0229%)
worker-loader: 900 B (0.0196%)
css-in-js-utils: 759 B (0.0165%)
is-buffer: 698 B (0.0152%)
w3c-blob: 684 B (0.0149%)
inherits: 672 B (0.0146%)
hyphenate-style-name: 339 B (0.00737%)
slash: 289 B (0.00629%)
isarray: 132 B (0.00287%)
<self>: 671.93 KB (15.0%)
